50
4
0.94 0.21 0.38 0.82
0.09 0.71 0.68 0.88
5
0.88 0.38 0.94 0.76 0.06
0.32 0.44 0.82 0.71 0.29
10
0.02 0.39 0.06 0.08 0.56 0.05 0.21 0.32 0.40 0.22
0.98 0.58 0.24 0.75 0.96 0.47 0.84 0.33 0.66 0.04
10
0.11 0.70 0.64 0.90 0.72 0.40 0.89 0.21 0.06 0.87
0.88 0.68 0.50 0.22 0.92 0.65 0.34 0.32 0.46 0.31
10
0.34 0.32 0.91 0.65 0.67 0.73 0.05 0.47 0.24 0.39
0.03 0.36 0.27 0.01 0.11 0.16 0.41 0.28 0.81 0.40
10
0.923 0.966 0.274 0.094 0.974 0.795 0.547 0.299 0.342 0.598
0.803 0.231 0.829 0.222 0.889 0.932 0.556 0.581 0.350 0.863
8
0.68 0.21 0.62 0.38 0.56 0.18 0.32 0.12
0.41 0.88 0.91 0.35 0.44 0.24 0.15 0.65
10
0.71 0.90 0.67 0.52 0.62 0.57 0.86 0.81 0.95 0.76
0.14 0.19 0.10 0.24 0.48 0.29 0.43 0.05 0.33 0.38
3
0.21 0.24 0.72
0.48 0.45 0.76
10
0.68 0.43 0.35 0.78 0.15 0.98 0.22 0.40 0.10 0.88
0.65 0.75 0.25 0.58 0.55 0.95 0.12 0.08 0.70 0.20
10
0.18 0.56 0.67 0.33 0.46 0.62 0.34 0.98 0.38 0.13
0.44 0.15 0.73 0.20 0.78 0.72 0.28 0.14 0.05 0.87
5
0.92 0.49 0.32 0.46 0.62
0.57 0.76 0.41 0.30 0.16
10
0.82 0.53 0.94 0.76 0.50 0.65 0.91 0.56 0.85 0.59
0.03 0.26 0.21 0.29 0.44 0.41 0.38 0.09 0.15 0.47
4
0.77 0.09 0.63 0.17
0.80 0.74 0.97 0.11
2
0.08 0.33
0.83 0.42
10
0.30 0.08 0.39 0.26 0.06 0.11 0.03 0.52 0.37 0.14
0.56 0.68 0.88 0.77 0.62 0.84 0.74 0.66 0.96 0.95
8
0.62 0.99 0.14 0.71 0.07 0.76 0.87 0.43
0.42 0.94 0.01 0.11 0.27 0.31 0.02 0.06
10
0.868 0.226 0.340 0.170 0.151 0.726 0.896 0.698 0.236 0.208
0.736 0.991 0.906 0.604 0.509 0.915 0.670 0.858 0.519 0.066
10
0.75 0.92 0.37 0.80 0.55 0.88 0.71 0.68 0.31 0.91
0.39 0.96 0.15 0.09 0.65 0.25 0.56 0.05 0.28 0.35
10
0.11 0.23 0.01 0.77 0.15 0.86 0.74 0.35 0.58 0.37
0.42 0.27 0.49 0.14 0.60 0.29 0.41 0.88 0.33 0.55
2
0.21 0.95
0.63 0.84
9
0.64 0.85 0.07 0.73 0.95 0.31 0.22 0.16 0.71
0.58 0.47 0.56 0.42 0.13 0.93 0.91 0.09 0.78
6
0.81 0.30 0.25 0.37 0.16 0.72
0.88 0.74 0.79 0.32 0.49 0.86
10
0.75 0.92 0.06 0.36 0.97 0.93 0.66 0.26 0.60 0.21
0.49 0.70 0.77 0.29 0.11 0.87 0.08 0.15 0.59 0.14
9
0.76 0.89 0.54 0.41 0.63 0.37 0.16 0.32 0.08
0.14 0.11 0.92 0.25 0.29 0.49 0.68 0.97 0.87
1
0.2
0.8
5
0.16 0.81 0.84 0.88 0.95
0.05 0.37 0.53 0.19 0.23
10
0.21 0.93 0.52 0.54 0.46 0.02 0.96 0.85 0.12 0.73
0.06 0.25 0.11 0.26 0.39 0.49 0.70 0.57 0.29 0.62
1
0.3
0.8
3
0.27 0.91 0.73
0.18 0.82 0.64
10
0.68 0.50 0.84 0.61 0.79 0.26 0.97 0.58 0.34 0.63
0.45 0.08 0.95 0.87 0.18 0.55 0.24 0.16 0.11 0.47
6
0.18 0.32 0.23 0.14 0.09 0.05
0.55 0.77 0.68 0.64 0.36 0.91
10
0.21 0.51 0.61 0.28 0.84 0.49 0.16 0.11 0.79 0.67
0.31 0.44 0.80 0.66 0.50 0.90 0.12 0.06 0.86 0.03
7
0.06 0.12 0.35 0.18 0.24 0.47 0.29
0.53 0.82 0.76 0.71 0.88 0.59 0.94
6
0.11 0.58 0.95 0.26 0.16 0.32
0.84 0.53 0.89 0.37 0.79 0.74
10
0.92 0.67 0.90 0.82 0.79 0.64 0.97 0.54 0.85 0.44
0.36 0.21 0.31 0.03 0.13 0.23 0.15 0.26 0.05 0.08
9
0.70 0.73 0.67 0.61 0.64 0.55 0.88 0.79 0.52
0.30 0.39 0.45 0.27 0.18 0.15 0.03 0.06 0.36
1
0.4
0.8
10
0.761 0.299 0.872 0.915 0.316 0.350 0.359 0.171 0.718 0.863
0.675 0.752 0.496 0.521 0.402 0.846 0.795 0.239 0.632 0.880
6
0.26 0.46 0.09 0.94 0.03 0.57
0.49 0.83 0.74 0.37 0.80 0.51
10
0.48 0.32 0.52 0.13 0.77 0.65 0.87 0.97 0.29 0.68
0.84 0.26 0.71 0.10 0.58 0.55 0.06 0.74 0.16 0.61
8
0.80 0.26 0.22 0.14 0.81 0.48 0.94 0.07
0.74 0.23 0.88 0.35 0.92 0.71 0.31 0.62
10
0.19 0.78 0.07 0.29 0.36 0.26 0.79 0.66 0.90 0.88
0.59 0.52 0.50 0.91 0.17 0.38 0.93 0.24 0.60 0.97
6
0.61 0.93 0.82 0.89 0.07 0.86
0.52 0.64 0.27 0.48 0.05 0.68
1
0.2
0.8
6
0.87 0.47 0.30 0.80 0.93 0.40
0.23 0.50 0.10 0.63 0.83 0.77
10
0.51 0.32 0.10 0.49 0.37 0.14 0.22 0.05 0.33 0.16
0.68 0.98 0.92 0.73 0.62 0.60 0.78 0.76 0.56 0.65
10
0.12 0.10 0.60 0.94 0.75 0.21 0.63 0.73 0.54 0.44
0.92 0.27 0.96 0.67 0.88 0.33 0.08 0.65 0.52 0.17
4
0.45 0.05 0.91 0.32
0.27 0.09 0.82 0.77
10
0.02 0.17 0.35 0.93 0.87 0.26 0.44 0.52 0.94 0.67
0.80 0.50 0.98 0.11 0.33 0.69 0.70 0.65 0.72 0.15
